Line  OP      R    L    M
  0   sio     1    0    2
  1   sio     1    0    1
  2   lit     2    0   10
  3   neg     1    2    0
  4   add     1    1    2
  5   lit     1    0   10
  6   lit     2    0    5
  7   div     1    1    2
  8   mod     1    2    1
  9   eql     1    1    2
 10   lss     1    1    2
 11   leq     1    1    2
 12   gtr     1    1    2
 13   geq     1    1    2
 14   sio     1    0    1
 15   sio     2    0    1
 16   sio     0    0    3

						pc  bp  sp  	stack
Initial Values   		0   1   0 	-EMPTY-
  0 sio   1   0   2		 1  1  0	
RF: 0, 5, 0, 0, 0, 0, 0, 0
  1 sio   1   0   1		 2  1  0	
RF: 0, 5, 0, 0, 0, 0, 0, 0
  2 lit   2   0  10		 3  1  0	
RF: 0, 5, 10, 0, 0, 0, 0, 0
  3 neg   1   2   0		 4  1  0	
RF: 0, -5, 10, 0, 0, 0, 0, 0
  4 add   1   1   2		 5  1  0	
RF: 0, 5, 10, 0, 0, 0, 0, 0
  5 lit   1   0  10		 6  1  0	
RF: 0, 10, 10, 0, 0, 0, 0, 0
  6 lit   2   0   5		 7  1  0	
RF: 0, 10, 5, 0, 0, 0, 0, 0
  7 div   1   1   2		 8  1  0	
RF: 0, 2, 5, 0, 0, 0, 0, 0
  8 mod   1   2   1		 9  1  0	
RF: 0, 1, 5, 0, 0, 0, 0, 0
  9 eql   1   1   2		10  1  0	
RF: 0, 0, 5, 0, 0, 0, 0, 0
 10 lss   1   1   2		11  1  0	
RF: 0, 1, 5, 0, 0, 0, 0, 0
 11 leq   1   1   2		12  1  0	
RF: 0, 1, 5, 0, 0, 0, 0, 0
 12 gtr   1   1   2		13  1  0	
RF: 0, 0, 5, 0, 0, 0, 0, 0
 13 geq   1   1   2		14  1  0	
RF: 0, 0, 5, 0, 0, 0, 0, 0
 14 sio   1   0   1		15  1  0	
RF: 0, 0, 5, 0, 0, 0, 0, 0
 15 sio   2   0   1		16  1  0	
RF: 0, 0, 5, 0, 0, 0, 0, 0
 16 sio   0   0   3		17  1  0	
RF: 0, 0, 5, 0, 0, 0, 0, 0
